(kicad_pcb (version 20171130) (host pcbnew "(5.1.6-0-10_14)")

  (general
    (thickness 1.6)
    (drawings 42)
    (tracks 199)
    (zones 0)
    (modules 52)
    (nets 34)
  )

  (page A4)
  (layers
    (0 F.Cu signal)
    (1 In1.Cu power)
    (2 In2.Cu power)
    (31 B.Cu signal)
    (32 B.Adhes user)
    (33 F.Adhes user)
    (34 B.Paste user)
    (35 F.Paste user)
    (36 B.SilkS user)
    (37 F.SilkS user)
    (38 B.Mask user)
    (39 F.Mask user)
    (40 Dwgs.User user)
    (41 Cmts.User user)
    (42 Eco1.User user)
    (43 Eco2.User user)
    (44 Edge.Cuts user)
    (45 Margin user)
    (46 B.CrtYd user)
    (47 F.CrtYd user)
    (48 B.Fab user)
    (49 F.Fab user)
  )

  (setup
    (last_trace_width 0.3048)
    (user_trace_width 0.09017)
    (user_trace_width 0.127)
    (user_trace_width 0.1778)
    (user_trace_width 0.2032)
    (user_trace_width 0.254)
    (user_trace_width 0.3048)
    (user_trace_width 0.3556)
    (user_trace_width 0.508)
    (user_trace_width 0.6096)
    (user_trace_width 0.8128)
    (trace_clearance 0.2032)
    (zone_clearance 0.508)
    (zone_45_only no)
    (trace_min 0.09017)
    (via_size 0.8)
    (via_drill 0.4)
    (via_min_size 0.4)
    (via_min_drill 0.3)
    (uvia_size 0.3)
    (uvia_drill 0.1)
    (uvias_allowed no)
    (uvia_min_size 0.2)
    (uvia_min_drill 0.1)
    (edge_width 0.05)
    (segment_width 0.2)
    (pcb_text_width 0.3)
    (pcb_text_size 1.5 1.5)
    (mod_edge_width 0.12)
    (mod_text_size 1 1)
    (mod_text_width 0.15)
    (pad_size 1.524 1.524)
    (pad_drill 0.762)
    (pad_to_mask_clearance 0.05)
    (aux_axis_origin 0 0)
    (grid_origin 106.68 134.112)
    (visible_elements FFFDFF7F)
    (pcbplotparams
      (layerselection 0x010fc_ffffffff)
      (usegerberextensions false)
      (usegerberattributes true)
      (usegerberadvancedattributes true)
      (creategerberjobfile true)
      (excludeedgelayer true)
      (linewidth 0.100000)
      (plotframeref false)
      (viasonmask true)
      (mode 1)
      (useauxorigin true)
      (hpglpennumber 1)
      (hpglpenspeed 20)
      (hpglpendiameter 15.000000)
      (psnegative false)
      (psa4output false)
      (plotreference true)
      (plotvalue true)
      (plotinvisibletext false)
      (padsonsilk false)
      (subtractmaskfromsilk false)
      (outputformat 1)
      (mirror false)
      (drillshape 0)
      (scaleselection 1)
      (outputdirectory "gerbers"))
  )

  (net 0 "")
  (net 1 "Net-(C201-Pad2)")
  (net 2 "Net-(C201-Pad1)")
  (net 3 "Net-(C202-Pad2)")
  (net 4 /Amplifier/V_BIAS_COLLECTOR)
  (net 5 /Amplifier/RF_IN)
  (net 6 "Net-(C301-Pad1)")
  (net 7 /Amplifier/V_BIAS_BASE)
  (net 8 GND)
  (net 9 "Net-(C303-Pad1)")
  (net 10 "Net-(C304-Pad2)")
  (net 11 /Amplifier/RF_OUT)
  (net 12 "Net-(C401-Pad2)")
  (net 13 "Net-(C401-Pad1)")
  (net 14 "Net-(C402-Pad2)")
  (net 15 /Oscillator/V_BASE_COLLECTOR)
  (net 16 /Oscillator/V_BASE_BIAS)
  (net 17 "Net-(C502-Pad1)")
  (net 18 "Net-(C503-Pad1)")
  (net 19 "Net-(C505-Pad2)")
  (net 20 /Oscillator/RF_OUT)
  (net 21 "Net-(FL101-Pad2)")
  (net 22 "Net-(FL101-Pad1)")
  (net 23 +5V)
  (net 24 "Net-(L501-Pad1)")
  (net 25 "Net-(L501-Pad2)")
  (net 26 "Net-(R203-Pad1)")
  (net 27 "Net-(R403-Pad1)")
  (net 28 "Net-(U201-Pad8)")
  (net 29 "Net-(U201-Pad5)")
  (net 30 "Net-(U201-Pad1)")
  (net 31 "Net-(U401-Pad8)")
  (net 32 "Net-(U401-Pad5)")
  (net 33 "Net-(U401-Pad1)")

  (net_class Default "This is the default net class."
    (clearance 0.2032)
    (trace_width 0.3048)
    (via_dia 0.8)
    (via_drill 0.4)
    (uvia_dia 0.3)
    (uvia_drill 0.1)
    (add_net +5V)
    (add_net /Amplifier/RF_IN)
    (add_net /Amplifier/RF_OUT)
    (add_net /Amplifier/V_BIAS_BASE)
    (add_net /Amplifier/V_BIAS_COLLECTOR)
    (add_net /Oscillator/RF_OUT)
    (add_net /Oscillator/V_BASE_BIAS)
    (add_net /Oscillator/V_BASE_COLLECTOR)
    (add_net GND)
    (add_net "Net-(C201-Pad1)")
    (add_net "Net-(C201-Pad2)")
    (add_net "Net-(C202-Pad2)")
    (add_net "Net-(C301-Pad1)")
    (add_net "Net-(C303-Pad1)")
    (add_net "Net-(C304-Pad2)")
    (add_net "Net-(C401-Pad1)")
    (add_net "Net-(C401-Pad2)")
    (add_net "Net-(C402-Pad2)")
    (add_net "Net-(C502-Pad1)")
    (add_net "Net-(C503-Pad1)")
    (add_net "Net-(C505-Pad2)")
    (add_net "Net-(FL101-Pad1)")
    (add_net "Net-(FL101-Pad2)")
    (add_net "Net-(L501-Pad1)")
    (add_net "Net-(L501-Pad2)")
    (add_net "Net-(R203-Pad1)")
    (add_net "Net-(R403-Pad1)")
    (add_net "Net-(U201-Pad1)")
    (add_net "Net-(U201-Pad5)")
    (add_net "Net-(U201-Pad8)")
    (add_net "Net-(U401-Pad1)")
    (add_net "Net-(U401-Pad5)")
    (add_net "Net-(U401-Pad8)")
  )

  (module irex_Aesthetic:Logo_irex_5.0x5.5mm_Copper (layer F.Cu) (tedit 5F9E28E2) (tstamp 619EF2BF)
    (at 192.786 97.282)
    (fp_text reference G*** (at -0.19 -4.12) (layer F.SilkS) hide
      (effects (font (size 1.524 1.524) (thickness 0.3)))
    )
    (fp_text value IREX_LOGO (at 0.21 4.39) (layer F.SilkS) hide
      (effects (font (size 1.524 1.524) (thickness 0.3)))
    )
    (fp_poly (pts (xy 0.032401 -2.722668) (xy 0.283569 -2.635537) (xy 0.540446 -2.497555) (xy 0.800925 -2.309669)
      (xy 1.062894 -2.072827) (xy 1.324245 -1.787977) (xy 1.340993 -1.768023) (xy 1.429541 -1.660973)
      (xy 1.50329 -1.569898) (xy 1.555508 -1.503257) (xy 1.579464 -1.469508) (xy 1.580273 -1.467389)
      (xy 1.557459 -1.447573) (xy 1.501562 -1.418248) (xy 1.49413 -1.414905) (xy 1.42562 -1.367625)
      (xy 1.355135 -1.293771) (xy 1.331852 -1.26191) (xy 1.294943 -1.200538) (xy 1.272326 -1.141888)
      (xy 1.260586 -1.069277) (xy 1.256303 -0.96602) (xy 1.255889 -0.891061) (xy 1.257722 -0.762573)
      (xy 1.266284 -0.669416) (xy 1.28617 -0.590521) (xy 1.321972 -0.504813) (xy 1.354647 -0.438077)
      (xy 1.485754 -0.225471) (xy 1.64397 -0.051227) (xy 1.823162 0.080251) (xy 2.017194 0.164558)
      (xy 2.219931 0.197289) (xy 2.239918 0.197556) (xy 2.423109 0.197556) (xy 2.457771 0.359834)
      (xy 2.482415 0.527475) (xy 2.492862 0.718899) (xy 2.489419 0.91409) (xy 2.472391 1.093035)
      (xy 2.444532 1.227667) (xy 2.341511 1.477438) (xy 2.185969 1.711169) (xy 1.980151 1.926486)
      (xy 1.726301 2.121013) (xy 1.448608 2.281424) (xy 1.360095 2.321039) (xy 1.246261 2.365138)
      (xy 1.12249 2.40858) (xy 1.004164 2.446222) (xy 0.906667 2.472922) (xy 0.845383 2.483538)
      (xy 0.84389 2.483556) (xy 0.833371 2.457702) (xy 0.822279 2.389479) (xy 0.81281 2.292895)
      (xy 0.811809 2.278945) (xy 0.769618 2.018182) (xy 0.67788 1.769974) (xy 0.546463 1.544079)
      (xy 0.356809 1.310367) (xy 0.137033 1.123069) (xy -0.070555 1.000539) (xy -0.304825 0.906499)
      (xy -0.52187 0.86334) (xy -0.719698 0.870895) (xy -0.896311 0.928999) (xy -1.049715 1.037483)
      (xy -1.09651 1.086134) (xy -1.185787 1.187815) (xy -1.216666 1.108963) (xy -1.258663 0.982552)
      (xy -1.303752 0.81417) (xy -1.348903 0.617957) (xy -1.391085 0.408053) (xy -1.427267 0.198599)
      (xy -1.454418 0.003734) (xy -1.45545 -0.005076) (xy -1.474943 -0.22512) (xy -1.48111 -0.358927)
      (xy -1.043602 -0.358927) (xy -1.027132 -0.177418) (xy -0.979948 -0.023928) (xy -0.907279 0.096736)
      (xy -0.81435 0.179767) (xy -0.706389 0.22036) (xy -0.588621 0.213706) (xy -0.476896 0.162249)
      (xy -0.367726 0.058117) (xy -0.287678 -0.082806) (xy -0.239435 -0.247442) (xy -0.225677 -0.422712)
      (xy -0.249087 -0.59554) (xy -0.295614 -0.721726) (xy -0.381677 -0.849953) (xy -0.482138 -0.928887)
      (xy -0.590509 -0.961676) (xy -0.700303 -0.951467) (xy -0.805033 -0.901405) (xy -0.89821 -0.814638)
      (xy -0.973349 -0.694312) (xy -1.02396 -0.543574) (xy -1.043558 -0.36557) (xy -1.043602 -0.358927)
      (xy -1.48111 -0.358927) (xy -1.486083 -0.466807) (xy -1.489109 -0.716982) (xy -1.484259 -0.962489)
      (xy -1.471774 -1.190175) (xy -1.451892 -1.386882) (xy -1.427773 -1.526999) (xy -1.335549 -1.847121)
      (xy -1.214923 -2.121391) (xy -1.191707 -2.15698) (xy 0.116232 -2.15698) (xy 0.122141 -2.067799)
      (xy 0.173827 -1.969988) (xy 0.208845 -1.9304) (xy 0.299888 -1.864136) (xy 0.396956 -1.832939)
      (xy 0.484306 -1.839846) (xy 0.530578 -1.868311) (xy 0.555775 -1.924822) (xy 0.563382 -2.009769)
      (xy 0.552958 -2.097812) (xy 0.535386 -2.146452) (xy 0.49001 -2.197875) (xy 0.423898 -2.243374)
      (xy 0.309932 -2.280729) (xy 0.21645 -2.272647) (xy 0.149776 -2.22833) (xy 0.116232 -2.15698)
      (xy -1.191707 -2.15698) (xy -1.066638 -2.348695) (xy -0.891436 -2.527919) (xy -0.69006 -2.657949)
      (xy -0.665741 -2.669477) (xy -0.444363 -2.740586) (xy -0.210946 -2.758) (xy 0.032401 -2.722668)) (layer F.Cu) (width 0.01))
    (fp_poly (pts (xy -1.357232 1.192008) (xy -1.329687 1.257733) (xy -1.291965 1.348307) (xy -1.287935 1.358009)
      (xy -1.140885 1.659542) (xy -0.966468 1.92554) (xy -0.769187 2.150636) (xy -0.553545 2.329462)
      (xy -0.392691 2.424935) (xy -0.232472 2.4982) (xy -0.083532 2.548629) (xy 0.069907 2.579112)
      (xy 0.243625 2.59254) (xy 0.453398 2.591804) (xy 0.508 2.589951) (xy 0.675206 2.581497)
      (xy 0.805895 2.568575) (xy 0.919981 2.547867) (xy 1.037381 2.516054) (xy 1.128889 2.486512)
      (xy 1.462964 2.348533) (xy 1.763383 2.168359) (xy 2.039709 1.9401) (xy 2.080888 1.900145)
      (xy 2.181403 1.802746) (xy 2.24502 1.74678) (xy 2.272171 1.732851) (xy 2.263287 1.761565)
      (xy 2.2188 1.833525) (xy 2.139141 1.949337) (xy 2.127633 1.965652) (xy 1.94882 2.170448)
      (xy 1.723229 2.346514) (xy 1.453451 2.492478) (xy 1.142078 2.606968) (xy 0.791704 2.688611)
      (xy 0.747889 2.696018) (xy 0.625756 2.710237) (xy 0.462176 2.721345) (xy 0.272073 2.729071)
      (xy 0.070372 2.733141) (xy -0.128 2.733285) (xy -0.30812 2.729231) (xy -0.455061 2.720706)
      (xy -0.479778 2.718377) (xy -0.660427 2.697385) (xy -0.863752 2.669746) (xy -1.075616 2.637752)
      (xy -1.281882 2.603693) (xy -1.468413 2.56986) (xy -1.621072 2.538544) (xy -1.687832 2.522616)
      (xy -1.944611 2.442317) (xy -2.152363 2.347741) (xy -2.310021 2.240433) (xy -2.416518 2.121938)
      (xy -2.470787 1.993801) (xy -2.471761 1.857566) (xy -2.418374 1.714778) (xy -2.331077 1.5913)
      (xy -2.195621 1.470396) (xy -2.009141 1.362699) (xy -1.775985 1.270475) (xy -1.635755 1.228854)
      (xy -1.523017 1.19939) (xy -1.433627 1.177368) (xy -1.379497 1.165648) (xy -1.368882 1.16478)
      (xy -1.357232 1.192008)) (layer F.Cu) (width 0.01))
  )

  (module Connector_Coaxial:SMA_Molex_73251-1153_EdgeMount_Horizontal (layer F.Cu) (tedit 5A1B666F) (tstamp 619DBC35)
    (at 111.263 79.756)
    (descr "Molex SMA RF Connectors, Edge Mount, (http://www.molex.com/pdm_docs/sd/732511150_sd.pdf)")
    (tags "sma edge")
    (path /61A6BE15)
    (attr smd)
    (fp_text reference J102 (at -1.281 -7.112) (layer F.SilkS)
      (effects (font (size 1 1) (thickness 0.15)))
    )
    (fp_text value SMA (at -1.72 -7.11) (layer F.Fab)
      (effects (font (size 1 1) (thickness 0.15)))
    )
    (fp_text user %R (at -1.5 7) (layer F.Fab)
      (effects (font (size 1 1) (thickness 0.15)))
    )
    (fp_line (start 2.5 0.25) (end 2.5 -0.25) (layer F.Fab) (width 0.1))
    (fp_line (start 2 0) (end 2.5 0.25) (layer F.Fab) (width 0.1))
    (fp_line (start 2.5 -0.25) (end 2 0) (layer F.Fab) (width 0.1))
    (fp_line (start 2.5 0.25) (end 2 0) (layer F.SilkS) (width 0.12))
    (fp_line (start 2.5 -0.25) (end 2.5 0.25) (layer F.SilkS) (width 0.12))
    (fp_line (start 2 0) (end 2.5 -0.25) (layer F.SilkS) (width 0.12))
    (fp_line (start -4.76 -0.38) (end 0.49 -0.38) (layer F.Fab) (width 0.1))
    (fp_line (start -4.76 0.38) (end 0.49 0.38) (layer F.Fab) (width 0.1))
    (fp_line (start 0.49 -0.38) (end 0.49 0.38) (layer F.Fab) (width 0.1))
    (fp_line (start 0.49 3.75) (end 0.49 4.76) (layer F.Fab) (width 0.1))
    (fp_line (start 0.49 -4.76) (end 0.49 -3.75) (layer F.Fab) (width 0.1))
    (fp_line (start -14.29 -6.09) (end -14.29 6.09) (layer F.CrtYd) (width 0.05))
    (fp_line (start -14.29 6.09) (end 2.71 6.09) (layer F.CrtYd) (width 0.05))
    (fp_line (start 2.71 -6.09) (end 2.71 6.09) (layer B.CrtYd) (width 0.05))
    (fp_line (start -14.29 -6.09) (end 2.71 -6.09) (layer B.CrtYd) (width 0.05))
    (fp_line (start -14.29 -6.09) (end -14.29 6.09) (layer B.CrtYd) (width 0.05))
    (fp_line (start -14.29 6.09) (end 2.71 6.09) (layer B.CrtYd) (width 0.05))
    (fp_line (start 2.71 -6.09) (end 2.71 6.09) (layer F.CrtYd) (width 0.05))
    (fp_line (start 2.71 -6.09) (end -14.29 -6.09) (layer F.CrtYd) (width 0.05))
    (fp_line (start -4.76 -3.75) (end 0.49 -3.75) (layer F.Fab) (width 0.1))
    (fp_line (start -4.76 3.75) (end 0.49 3.75) (layer F.Fab) (width 0.1))
    (fp_line (start -13.79 -2.65) (end -5.91 -2.65) (layer F.Fab) (width 0.1))
    (fp_line (start -13.79 -2.65) (end -13.79 2.65) (layer F.Fab) (width 0.1))
    (fp_line (start -13.79 2.65) (end -5.91 2.65) (layer F.Fab) (width 0.1))
    (fp_line (start -4.76 -3.75) (end -4.76 3.75) (layer F.Fab) (width 0.1))
    (fp_line (start 0.49 -4.76) (end -5.91 -4.76) (layer F.Fab) (width 0.1))
    (fp_line (start -5.91 -4.76) (end -5.91 4.76) (layer F.Fab) (width 0.1))
    (fp_line (start -5.91 4.76) (end 0.49 4.76) (layer F.Fab) (width 0.1))
    (pad 2 smd rect (at 1.27 4.38) (size 0.95 0.46) (layers B.Cu)
      (net 8 GND))
    (pad 2 smd rect (at 1.27 -4.38) (size 0.95 0.46) (layers B.Cu)
      (net 8 GND))
    (pad 2 smd rect (at 1.27 4.38) (size 0.95 0.46) (layers F.Cu)
      (net 8 GND))
    (pad 2 smd rect (at 1.27 -4.38) (size 0.95 0.46) (layers F.Cu)
      (net 8 GND))
    (pad 2 thru_hole circle (at 1.72 4.38) (size 0.97 0.97) (drill 0.46) (layers *.Cu)
      (net 8 GND))
    (pad 2 thru_hole circle (at 1.72 -4.38) (size 0.97 0.97) (drill 0.46) (layers *.Cu)
      (net 8 GND))
    (pad 2 smd rect (at -1.72 4.38) (size 5.08 2.42) (layers B.Cu B.Paste B.Mask)
      (net 8 GND))
    (pad 2 smd rect (at -1.72 -4.38) (size 5.08 2.42) (layers B.Cu B.Paste B.Mask)
      (net 8 GND))
    (pad 2 smd rect (at -1.72 4.38) (size 5.08 2.42) (layers F.Cu F.Paste F.Mask)
      (net 8 GND))
    (pad 2 smd rect (at -1.72 -4.38) (size 5.08 2.42) (layers F.Cu F.Paste F.Mask)
      (net 8 GND))
    (pad 1 smd rect (at -1.72 0) (size 5.08 2.29) (layers F.Cu F.Paste F.Mask)
      (net 22 "Net-(FL101-Pad1)"))
    (model ${KISYS3DMOD}/Connector_Coaxial.3dshapes/SMA_Molex_73251-1153_EdgeMount_Horizontal.wrl
      (at (xyz 0 0 0))
      (scale (xyz 1 1 1))
      (rotate (xyz 0 0 0))
    )
  )

  (module "EE514 Board:C_1.7pF_Microstrip" (layer F.Cu) (tedit 619DB878) (tstamp 619E8404)
    (at 173.5836 114.0714)
    (descr "1.7pF microstrip capacitor (JLC2313)")
    (path /61A25C89/61A791FB)
    (fp_text reference C503 (at 2.5654 -0.2794) (layer F.SilkS)
      (effects (font (size 1 1) (thickness 0.15)))
    )
    (fp_text value 1.7pF (at 0 4.826) (layer F.Fab)
      (effects (font (size 1 1) (thickness 0.15)))
    )
    (pad 1 smd rect (at 0 1.778) (size 1.0668 3.81) (layers F.Cu F.Mask)
      (net 18 "Net-(C503-Pad1)"))
  )

  (module "EE514 Board:C_1.7pF_Microstrip" (layer F.Cu) (tedit 619DB878) (tstamp 619E8410)
    (at 171.704 119.761)
    (descr "1.7pF microstrip capacitor (JLC2313)")
    (path /61A25C89/61A78B2C)
    (fp_text reference C502 (at -2.667 3.175) (layer F.SilkS)
      (effects (font (size 1 1) (thickness 0.15)))
    )
    (fp_text value 1.7pF (at 0 4.826) (layer F.Fab)
      (effects (font (size 1 1) (thickness 0.15)))
    )
    (pad 1 smd rect (at 0 1.778) (size 1.0668 3.81) (layers F.Cu F.Mask)
      (net 17 "Net-(C502-Pad1)"))
  )

  (module "EE514 Board:C_0603_1608Metric_Pad0.98x0.95mm_HandSolder" (layer F.Cu) (tedit 61940122) (tstamp 619E00EA)
    (at 167.2336 105.1052 90)
    (path /61A25C38/61A92622)
    (fp_text reference C403 (at 0.0432 -1.7018 90) (layer F.SilkS)
      (effects (font (size 1 1) (thickness 0.15)))
    )
    (fp_text value 0.1uF (at 0.0254 2.1082 90) (layer F.Fab)
      (effects (font (size 1 1) (thickness 0.15)))
    )
    (fp_text user %R (at 0 0 90) (layer F.Fab)
      (effects (font (size 0.4 0.4) (thickness 0.06)))
    )
    (fp_line (start 0.8 0.4125) (end -0.8 0.4125) (layer F.Fab) (width 0.1))
    (fp_line (start -0.254724 -0.5225) (end 0.254724 -0.5225) (layer F.SilkS) (width 0.12))
    (fp_line (start -0.8 -0.4125) (end 0.8 -0.4125) (layer F.Fab) (width 0.1))
    (fp_line (start -0.8 0.4125) (end -0.8 -0.4125) (layer F.Fab) (width 0.1))
    (fp_line (start 0.8 -0.4125) (end 0.8 0.4125) (layer F.Fab) (width 0.1))
    (fp_line (start -1.65 0.73) (end -1.65 -0.73) (layer F.CrtYd) (width 0.05))
    (fp_line (start -1.65 -0.73) (end 1.65 -0.73) (layer F.CrtYd) (width 0.05))
    (fp_line (start 1.65 -0.73) (end 1.65 0.73) (layer F.CrtYd) (width 0.05))
    (fp_line (start 1.65 0.73) (end -1.65 0.73) (layer F.CrtYd) (width 0.05))
    (fp_line (start -0.254724 0.5225) (end 0.254724 0.5225) (layer F.SilkS) (width 0.12))
    (pad 2 smd rect (at 0.9125 0 90) (size 0.975 0.95) (layers F.Cu F.Paste F.Mask)
      (net 23 +5V))
    (pad 1 smd rect (at -0.9125 0 90) (size 0.975 0.95) (layers F.Cu F.Paste F.Mask)
      (net 8 GND))
    (model ${KISYS3DMOD}/Capacitor_SMD.3dshapes/C_0603_1608Metric.wrl
      (at (xyz 0 0 0))
      (scale (xyz 1 1 1))
      (rotate (xyz 0 0 0))
    )
  )

  (module "EE514 Board:C_0603_1608Metric_Pad0.98x0.95mm_HandSolder" (layer F.Cu) (tedit 61940122) (tstamp 619E3AB7)
    (at 123.19 105.029 90)
    (path /619DA041/61A92622)
    (fp_text reference C203 (at 0 -1.651 90) (layer F.SilkS)
      (effects (font (size 1 1) (thickness 0.15)))
    )
    (fp_text value 0.1uF (at 0.0254 2.1082 90) (layer F.Fab)
      (effects (font (size 1 1) (thickness 0.15)))
    )
    (fp_text user %R (at 0 0 90) (layer F.Fab)
      (effects (font (size 0.4 0.4) (thickness 0.06)))
    )
    (fp_line (start 0.8 0.4125) (end -0.8 0.4125) (layer F.Fab) (width 0.1))
    (fp_line (start -0.254724 -0.5225) (end 0.254724 -0.5225) (layer F.SilkS) (width 0.12))
    (fp_line (start -0.8 -0.4125) (end 0.8 -0.4125) (layer F.Fab) (width 0.1))
    (fp_line (start -0.8 0.4125) (end -0.8 -0.4125) (layer F.Fab) (width 0.1))
    (fp_line (start 0.8 -0.4125) (end 0.8 0.4125) (layer F.Fab) (width 0.1))
    (fp_line (start -1.65 0.73) (end -1.65 -0.73) (layer F.CrtYd) (width 0.05))
    (fp_line (start -1.65 -0.73) (end 1.65 -0.73) (layer F.CrtYd) (width 0.05))
    (fp_line (start 1.65 -0.73) (end 1.65 0.73) (layer F.CrtYd) (width 0.05))
    (fp_line (start 1.65 0.73) (end -1.65 0.73) (layer F.CrtYd) (width 0.05))
    (fp_line (start -0.254724 0.5225) (end 0.254724 0.5225) (layer F.SilkS) (width 0.12))
    (pad 2 smd rect (at 0.9125 0 90) (size 0.975 0.95) (layers F.Cu F.Paste F.Mask)
      (net 23 +5V))
    (pad 1 smd rect (at -0.9125 0 90) (size 0.975 0.95) (layers F.Cu F.Paste F.Mask)
      (net 8 GND))
    (model ${KISYS3DMOD}/Capacitor_SMD.3dshapes/C_0603_1608Metric.wrl
      (at (xyz 0 0 0))
      (scale (xyz 1 1 1))
      (rotate (xyz 0 0 0))
    )
  )

  (module Package_SO:SOIC-8_3.9x4.9mm_P1.27mm (layer F.Cu) (tedit 5D9F72B1) (tstamp 619DBED9)
    (at 172.321 104.1168 180)
    (descr "SOIC, 8 Pin (JEDEC MS-012AA, https://www.analog.com/media/en/package-pcb-resources/package/pkg_pdf/soic_narrow-r/r_8.pdf), generated with kicad-footprint-generator ipc_gullwing_generator.py")
    (tags "SOIC SO")
    (path /61A25C38/619DA257)
    (attr smd)
    (fp_text reference U401 (at 5.57 2.5168) (layer F.SilkS)
      (effects (font (size 1 1) (thickness 0.15)))
    )
    (fp_text value TLC2201 (at 0 3.4) (layer F.Fab)
      (effects (font (size 1 1) (thickness 0.15)))
    )
    (fp_line (start 3.7 -2.7) (end -3.7 -2.7) (layer F.CrtYd) (width 0.05))
    (fp_line (start 3.7 2.7) (end 3.7 -2.7) (layer F.CrtYd) (width 0.05))
    (fp_line (start -3.7 2.7) (end 3.7 2.7) (layer F.CrtYd) (width 0.05))
    (fp_line (start -3.7 -2.7) (end -3.7 2.7) (layer F.CrtYd) (width 0.05))
    (fp_line (start -1.95 -1.475) (end -0.975 -2.45) (layer F.Fab) (width 0.1))
    (fp_line (start -1.95 2.45) (end -1.95 -1.475) (layer F.Fab) (width 0.1))
    (fp_line (start 1.95 2.45) (end -1.95 2.45) (layer F.Fab) (width 0.1))
    (fp_line (start 1.95 -2.45) (end 1.95 2.45) (layer F.Fab) (width 0.1))
    (fp_line (start -0.975 -2.45) (end 1.95 -2.45) (layer F.Fab) (width 0.1))
    (fp_line (start 0 -2.56) (end -3.45 -2.56) (layer F.SilkS) (width 0.12))
    (fp_line (start 0 -2.56) (end 1.95 -2.56) (layer F.SilkS) (width 0.12))
    (fp_line (start 0 2.56) (end -1.95 2.56) (layer F.SilkS) (width 0.12))
    (fp_line (start 0 2.56) (end 1.95 2.56) (layer F.SilkS) (width 0.12))
    (fp_text user %R (at 0 0) (layer F.Fab)
      (effects (font (size 0.98 0.98) (thickness 0.15)))
    )
    (pad 1 smd roundrect (at -2.475 -1.905 180) (size 1.95 0.6) (layers F.Cu F.Paste F.Mask) (roundrect_rratio 0.25)
      (net 33 "Net-(U401-Pad1)"))
    (pad 2 smd roundrect (at -2.475 -0.635 180) (size 1.95 0.6) (layers F.Cu F.Paste F.Mask) (roundrect_rratio 0.25)
      (net 12 "Net-(C401-Pad2)"))
    (pad 3 smd roundrect (at -2.475 0.635 180) (size 1.95 0.6) (layers F.Cu F.Paste F.Mask) (roundrect_rratio 0.25)
      (net 27 "Net-(R403-Pad1)"))
    (pad 4 smd roundrect (at -2.475 1.905 180) (size 1.95 0.6) (layers F.Cu F.Paste F.Mask) (roundrect_rratio 0.25)
      (net 8 GND))
    (pad 5 smd roundrect (at 2.475 1.905 180) (size 1.95 0.6) (layers F.Cu F.Paste F.Mask) (roundrect_rratio 0.25)
      (net 32 "Net-(U401-Pad5)"))
    (pad 6 smd roundrect (at 2.475 0.635 180) (size 1.95 0.6) (layers F.Cu F.Paste F.Mask) (roundrect_rratio 0.25)
      (net 13 "Net-(C401-Pad1)"))
    (pad 7 smd roundrect (at 2.475 -0.635 180) (size 1.95 0.6) (layers F.Cu F.Paste F.Mask) (roundrect_rratio 0.25)
      (net 23 +5V))
    (pad 8 smd roundrect (at 2.475 -1.905 180) (size 1.95 0.6) (layers F.Cu F.Paste F.Mask) (roundrect_rratio 0.25)
      (net 31 "Net-(U401-Pad8)"))
    (model ${KISYS3DMOD}/Package_SO.3dshapes/SOIC-8_3.9x4.9mm_P1.27mm.wrl
      (at (xyz 0 0 0))
      (scale (xyz 1 1 1))
      (rotate (xyz 0 0 0))
    )
  )

  (module Package_SO:SOIC-8_3.9x4.9mm_P1.27mm (layer F.Cu) (tedit 5D9F72B1) (tstamp 619E3AF0)
    (at 128.2774 103.9718 180)
    (descr "SOIC, 8 Pin (JEDEC MS-012AA, https://www.analog.com/media/en/package-pcb-resources/package/pkg_pdf/soic_narrow-r/r_8.pdf), generated with kicad-footprint-generator ipc_gullwing_generator.py")
    (tags "SOIC SO")
    (path /619DA041/619DA257)
    (attr smd)
    (fp_text reference U201 (at 5.5954 2.4988) (layer F.SilkS)
      (effects (font (size 1 1) (thickness 0.15)))
    )
    (fp_text value TLC2201 (at 0 3.4) (layer F.Fab)
      (effects (font (size 1 1) (thickness 0.15)))
    )
    (fp_text user %R (at 0 0) (layer F.Fab)
      (effects (font (size 0.98 0.98) (thickness 0.15)))
    )
    (fp_line (start 0 2.56) (end 1.95 2.56) (layer F.SilkS) (width 0.12))
    (fp_line (start 0 2.56) (end -1.95 2.56) (layer F.SilkS) (width 0.12))
    (fp_line (start 0 -2.56) (end 1.95 -2.56) (layer F.SilkS) (width 0.12))
    (fp_line (start 0 -2.56) (end -3.45 -2.56) (layer F.SilkS) (width 0.12))
    (fp_line (start -0.975 -2.45) (end 1.95 -2.45) (layer F.Fab) (width 0.1))
    (fp_line (start 1.95 -2.45) (end 1.95 2.45) (layer F.Fab) (width 0.1))
    (fp_line (start 1.95 2.45) (end -1.95 2.45) (layer F.Fab) (width 0.1))
    (fp_line (start -1.95 2.45) (end -1.95 -1.475) (layer F.Fab) (width 0.1))
    (fp_line (start -1.95 -1.475) (end -0.975 -2.45) (layer F.Fab) (width 0.1))
    (fp_line (start -3.7 -2.7) (end -3.7 2.7) (layer F.CrtYd) (width 0.05))
    (fp_line (start -3.7 2.7) (end 3.7 2.7) (layer F.CrtYd) (width 0.05))
    (fp_line (start 3.7 2.7) (end 3.7 -2.7) (layer F.CrtYd) (width 0.05))
    (fp_line (start 3.7 -2.7) (end -3.7 -2.7) (layer F.CrtYd) (width 0.05))
    (pad 8 smd roundrect (at 2.475 -1.905 180) (size 1.95 0.6) (layers F.Cu F.Paste F.Mask) (roundrect_rratio 0.25)
      (net 28 "Net-(U201-Pad8)"))
    (pad 7 smd roundrect (at 2.475 -0.635 180) (size 1.95 0.6) (layers F.Cu F.Paste F.Mask) (roundrect_rratio 0.25)
      (net 23 +5V))
    (pad 6 smd roundrect (at 2.475 0.635 180) (size 1.95 0.6) (layers F.Cu F.Paste F.Mask) (roundrect_rratio 0.25)
      (net 2 "Net-(C201-Pad1)"))
    (pad 5 smd roundrect (at 2.475 1.905 180) (size 1.95 0.6) (layers F.Cu F.Paste F.Mask) (roundrect_rratio 0.25)
      (net 29 "Net-(U201-Pad5)"))
    (pad 4 smd roundrect (at -2.475 1.905 180) (size 1.95 0.6) (layers F.Cu F.Paste F.Mask) (roundrect_rratio 0.25)
      (net 8 GND))
    (pad 3 smd roundrect (at -2.475 0.635 180) (size 1.95 0.6) (layers F.Cu F.Paste F.Mask) (roundrect_rratio 0.25)
      (net 26 "Net-(R203-Pad1)"))
    (pad 2 smd roundrect (at -2.475 -0.635 180) (size 1.95 0.6) (layers F.Cu F.Paste F.Mask) (roundrect_rratio 0.25)
      (net 1 "Net-(C201-Pad2)"))
    (pad 1 smd roundrect (at -2.475 -1.905 180) (size 1.95 0.6) (layers F.Cu F.Paste F.Mask) (roundrect_rratio 0.25)
      (net 30 "Net-(U201-Pad1)"))
    (model ${KISYS3DMOD}/Package_SO.3dshapes/SOIC-8_3.9x4.9mm_P1.27mm.wrl
      (at (xyz 0 0 0))
      (scale (xyz 1 1 1))
      (rotate (xyz 0 0 0))
    )
  )

  (module "EE514 Board:R_0603_1608Metric_Pad0.98x0.95mm_HandSolder" (layer F.Cu) (tedit 619400D6) (tstamp 619E8428)
    (at 169.0116 116.0018 90)
    (descr "Resistor SMD 0603 (1608 Metric), square (rectangular) end terminal, IPC_7351 nominal with elongated pad for handsoldering. (Body size source: IPC-SM-782 page 72, https://www.pcb-3d.com/wordpress/wp-content/uploads/ipc-sm-782a_amendment_1_and_2.pdf), generated with kicad-footprint-generator")
    (tags "resistor handsolder")
    (path /61A25C89/61A269E1)
    (attr smd)
    (fp_text reference R501 (at -0.7112 -2.6416 180) (layer F.SilkS)
      (effects (font (size 1 1) (thickness 0.15)))
    )
    (fp_text value 200 (at 0 1.43 90) (layer F.Fab)
      (effects (font (size 1 1) (thickness 0.15)))
    )
    (fp_line (start 1.65 0.73) (end -1.65 0.73) (layer F.CrtYd) (width 0.05))
    (fp_line (start 1.65 -0.73) (end 1.65 0.73) (layer F.CrtYd) (width 0.05))
    (fp_line (start -1.65 -0.73) (end 1.65 -0.73) (layer F.CrtYd) (width 0.05))
    (fp_line (start -1.65 0.73) (end -1.65 -0.73) (layer F.CrtYd) (width 0.05))
    (fp_line (start -0.254724 0.5225) (end 0.254724 0.5225) (layer F.SilkS) (width 0.12))
    (fp_line (start -0.254724 -0.5225) (end 0.254724 -0.5225) (layer F.SilkS) (width 0.12))
    (fp_line (start 0.8 0.4125) (end -0.8 0.4125) (layer F.Fab) (width 0.1))
    (fp_line (start 0.8 -0.4125) (end 0.8 0.4125) (layer F.Fab) (width 0.1))
    (fp_line (start -0.8 -0.4125) (end 0.8 -0.4125) (layer F.Fab) (width 0.1))
    (fp_line (start -0.8 0.4125) (end -0.8 -0.4125) (layer F.Fab) (width 0.1))
    (fp_text user %R (at 0 0 90) (layer F.Fab)
      (effects (font (size 0.4 0.4) (thickness 0.06)))
    )
    (pad 2 smd rect (at 0.9125 0 90) (size 0.975 0.95) (layers F.Cu F.Paste F.Mask)
      (net 16 /Oscillator/V_BASE_BIAS))
    (pad 1 smd rect (at -0.9125 0 90) (size 0.975 0.95) (layers F.Cu F.Paste F.Mask)
      (net 24 "Net-(L501-Pad1)"))
    (model ${KISYS3DMOD}/Resistor_SMD.3dshapes/R_0603_1608Metric.wrl
      (at (xyz 0 0 0))
      (scale (xyz 1 1 1))
      (rotate (xyz 0 0 0))
    )
  )

  (module "EE514 Board:R_0603_1608Metric_Pad0.98x0.95mm_HandSolder" (layer F.Cu) (tedit 619400D6) (tstamp 619DBE94)
    (at 179.4256 100.9142 270)
    (descr "Resistor SMD 0603 (1608 Metric), square (rectangular) end terminal, IPC_7351 nominal with elongated pad for handsoldering. (Body size source: IPC-SM-782 page 72, https://www.pcb-3d.com/wordpress/wp-content/uploads/ipc-sm-782a_amendment_1_and_2.pdf), generated with kicad-footprint-generator")
    (tags "resistor handsolder")
    (path /61A25C38/619E33C1)
    (attr smd)
    (fp_text reference R407 (at -3.5052 -0.1524 90) (layer F.SilkS)
      (effects (font (size 1 1) (thickness 0.15)))
    )
    (fp_text value 75 (at 0 1.43 90) (layer F.Fab)
      (effects (font (size 1 1) (thickness 0.15)))
    )
    (fp_line (start 1.65 0.73) (end -1.65 0.73) (layer F.CrtYd) (width 0.05))
    (fp_line (start 1.65 -0.73) (end 1.65 0.73) (layer F.CrtYd) (width 0.05))
    (fp_line (start -1.65 -0.73) (end 1.65 -0.73) (layer F.CrtYd) (width 0.05))
    (fp_line (start -1.65 0.73) (end -1.65 -0.73) (layer F.CrtYd) (width 0.05))
    (fp_line (start -0.254724 0.5225) (end 0.254724 0.5225) (layer F.SilkS) (width 0.12))
    (fp_line (start -0.254724 -0.5225) (end 0.254724 -0.5225) (layer F.SilkS) (width 0.12))
    (fp_line (start 0.8 0.4125) (end -0.8 0.4125) (layer F.Fab) (width 0.1))
    (fp_line (start 0.8 -0.4125) (end 0.8 0.4125) (layer F.Fab) (width 0.1))
    (fp_line (start -0.8 -0.4125) (end 0.8 -0.4125) (layer F.Fab) (width 0.1))
    (fp_line (start -0.8 0.4125) (end -0.8 -0.4125) (layer F.Fab) (width 0.1))
    (fp_text user %R (at 0 0 90) (layer F.Fab)
      (effects (font (size 0.4 0.4) (thickness 0.06)))
    )
    (pad 2 smd rect (at 0.9125 0 270) (size 0.975 0.95) (layers F.Cu F.Paste F.Mask)
      (net 15 /Oscillator/V_BASE_COLLECTOR))
    (pad 1 smd rect (at -0.9125 0 270) (size 0.975 0.95) (layers F.Cu F.Paste F.Mask)
      (net 23 +5V))
    (model ${KISYS3DMOD}/Resistor_SMD.3dshapes/R_0603_1608Metric.wrl
      (at (xyz 0 0 0))
      (scale (xyz 1 1 1))
      (rotate (xyz 0 0 0))
    )
  )

  (module "EE514 Board:R_0603_1608Metric_Pad0.98x0.95mm_HandSolder" (layer F.Cu) (tedit 619400D6) (tstamp 619DBE83)
    (at 181.4576 100.9142 270)
    (descr "Resistor SMD 0603 (1608 Metric), square (rectangular) end terminal, IPC_7351 nominal with elongated pad for handsoldering. (Body size source: IPC-SM-782 page 72, https://www.pcb-3d.com/wordpress/wp-content/uploads/ipc-sm-782a_amendment_1_and_2.pdf), generated with kicad-footprint-generator")
    (tags "resistor handsolder")
    (path /61A25C38/619E4375)
    (attr smd)
    (fp_text reference R406 (at -3.5052 -0.1524 90) (layer F.SilkS)
      (effects (font (size 1 1) (thickness 0.15)))
    )
    (fp_text value 18 (at 0 1.43 90) (layer F.Fab)
      (effects (font (size 1 1) (thickness 0.15)))
    )
    (fp_line (start 1.65 0.73) (end -1.65 0.73) (layer F.CrtYd) (width 0.05))
    (fp_line (start 1.65 -0.73) (end 1.65 0.73) (layer F.CrtYd) (width 0.05))
    (fp_line (start -1.65 -0.73) (end 1.65 -0.73) (layer F.CrtYd) (width 0.05))
    (fp_line (start -1.65 0.73) (end -1.65 -0.73) (layer F.CrtYd) (width 0.05))
    (fp_line (start -0.254724 0.5225) (end 0.254724 0.5225) (layer F.SilkS) (width 0.12))
    (fp_line (start -0.254724 -0.5225) (end 0.254724 -0.5225) (layer F.SilkS) (width 0.12))
    (fp_line (start 0.8 0.4125) (end -0.8 0.4125) (layer F.Fab) (width 0.1))
    (fp_line (start 0.8 -0.4125) (end 0.8 0.4125) (layer F.Fab) (width 0.1))
    (fp_line (start -0.8 -0.4125) (end 0.8 -0.4125) (layer F.Fab) (width 0.1))
    (fp_line (start -0.8 0.4125) (end -0.8 -0.4125) (layer F.Fab) (width 0.1))
    (fp_text user %R (at 0 0 90) (layer F.Fab)
      (effects (font (size 0.4 0.4) (thickness 0.06)))
    )
    (pad 2 smd rect (at 0.9125 0 270) (size 0.975 0.95) (layers F.Cu F.Paste F.Mask)
      (net 14 "Net-(C402-Pad2)"))
    (pad 1 smd rect (at -0.9125 0 270) (size 0.975 0.95) (layers F.Cu F.Paste F.Mask)
      (net 23 +5V))
    (model ${KISYS3DMOD}/Resistor_SMD.3dshapes/R_0603_1608Metric.wrl
      (at (xyz 0 0 0))
      (scale (xyz 1 1 1))
      (rotate (xyz 0 0 0))
    )
  )

  (module "EE514 Board:R_0603_1608Metric_Pad0.98x0.95mm_HandSolder" (layer F.Cu) (tedit 619400D6) (tstamp 619DBE72)
    (at 170.2816 108.1532)
    (descr "Resistor SMD 0603 (1608 Metric), square (rectangular) end terminal, IPC_7351 nominal with elongated pad for handsoldering. (Body size source: IPC-SM-782 page 72, https://www.pcb-3d.com/wordpress/wp-content/uploads/ipc-sm-782a_amendment_1_and_2.pdf), generated with kicad-footprint-generator")
    (tags "resistor handsolder")
    (path /61A25C38/619EAF57)
    (attr smd)
    (fp_text reference R405 (at -0.2286 1.5748) (layer F.SilkS)
      (effects (font (size 1 1) (thickness 0.15)))
    )
    (fp_text value 3.3k (at 0 1.43) (layer F.Fab)
      (effects (font (size 1 1) (thickness 0.15)))
    )
    (fp_line (start 1.65 0.73) (end -1.65 0.73) (layer F.CrtYd) (width 0.05))
    (fp_line (start 1.65 -0.73) (end 1.65 0.73) (layer F.CrtYd) (width 0.05))
    (fp_line (start -1.65 -0.73) (end 1.65 -0.73) (layer F.CrtYd) (width 0.05))
    (fp_line (start -1.65 0.73) (end -1.65 -0.73) (layer F.CrtYd) (width 0.05))
    (fp_line (start -0.254724 0.5225) (end 0.254724 0.5225) (layer F.SilkS) (width 0.12))
    (fp_line (start -0.254724 -0.5225) (end 0.254724 -0.5225) (layer F.SilkS) (width 0.12))
    (fp_line (start 0.8 0.4125) (end -0.8 0.4125) (layer F.Fab) (width 0.1))
    (fp_line (start 0.8 -0.4125) (end 0.8 0.4125) (layer F.Fab) (width 0.1))
    (fp_line (start -0.8 -0.4125) (end 0.8 -0.4125) (layer F.Fab) (width 0.1))
    (fp_line (start -0.8 0.4125) (end -0.8 -0.4125) (layer F.Fab) (width 0.1))
    (fp_text user %R (at 0 0) (layer F.Fab)
      (effects (font (size 0.4 0.4) (thickness 0.06)))
    )
    (pad 2 smd rect (at 0.9125 0) (size 0.975 0.95) (layers F.Cu F.Paste F.Mask)
      (net 13 "Net-(C401-Pad1)"))
    (pad 1 smd rect (at -0.9125 0) (size 0.975 0.95) (layers F.Cu F.Paste F.Mask)
      (net 16 /Oscillator/V_BASE_BIAS))
    (model ${KISYS3DMOD}/Resistor_SMD.3dshapes/R_0603_1608Metric.wrl
      (at (xyz 0 0 0))
      (scale (xyz 1 1 1))
      (rotate (xyz 0 0 0))
    )
  )

  (module "EE514 Board:R_0603_1608Metric_Pad0.98x0.95mm_HandSolder" (layer F.Cu) (tedit 619400D6) (tstamp 619DBE61)
    (at 177.3936 100.9142 270)
    (descr "Resistor SMD 0603 (1608 Metric), square (rectangular) end terminal, IPC_7351 nominal with elongated pad for handsoldering. (Body size source: IPC-SM-782 page 72, https://www.pcb-3d.com/wordpress/wp-content/uploads/ipc-sm-782a_amendment_1_and_2.pdf), generated with kicad-footprint-generator")
    (tags "resistor handsolder")
    (path /61A25C38/619E1D0B)
    (attr smd)
    (fp_text reference R404 (at -3.5052 -0.1524 90) (layer F.SilkS)
      (effects (font (size 1 1) (thickness 0.15)))
    )
    (fp_text value 7.5k (at 0 1.43 90) (layer F.Fab)
      (effects (font (size 1 1) (thickness 0.15)))
    )
    (fp_line (start 1.65 0.73) (end -1.65 0.73) (layer F.CrtYd) (width 0.05))
    (fp_line (start 1.65 -0.73) (end 1.65 0.73) (layer F.CrtYd) (width 0.05))
    (fp_line (start -1.65 -0.73) (end 1.65 -0.73) (layer F.CrtYd) (width 0.05))
    (fp_line (start -1.65 0.73) (end -1.65 -0.73) (layer F.CrtYd) (width 0.05))
    (fp_line (start -0.254724 0.5225) (end 0.254724 0.5225) (layer F.SilkS) (width 0.12))
    (fp_line (start -0.254724 -0.5225) (end 0.254724 -0.5225) (layer F.SilkS) (width 0.12))
    (fp_line (start 0.8 0.4125) (end -0.8 0.4125) (layer F.Fab) (width 0.1))
    (fp_line (start 0.8 -0.4125) (end 0.8 0.4125) (layer F.Fab) (width 0.1))
    (fp_line (start -0.8 -0.4125) (end 0.8 -0.4125) (layer F.Fab) (width 0.1))
    (fp_line (start -0.8 0.4125) (end -0.8 -0.4125) (layer F.Fab) (width 0.1))
    (fp_text user %R (at 0 0 90) (layer F.Fab)
      (effects (font (size 0.4 0.4) (thickness 0.06)))
    )
    (pad 2 smd rect (at 0.9125 0 270) (size 0.975 0.95) (layers F.Cu F.Paste F.Mask)
      (net 27 "Net-(R403-Pad1)"))
    (pad 1 smd rect (at -0.9125 0 270) (size 0.975 0.95) (layers F.Cu F.Paste F.Mask)
      (net 15 /Oscillator/V_BASE_COLLECTOR))
    (model ${KISYS3DMOD}/Resistor_SMD.3dshapes/R_0603_1608Metric.wrl
      (at (xyz 0 0 0))
      (scale (xyz 1 1 1))
      (rotate (xyz 0 0 0))
    )
  )

  (module "EE514 Board:R_0603_1608Metric_Pad0.98x0.95mm_HandSolder" (layer F.Cu) (tedit 619400D6) (tstamp 619DBE50)
    (at 177.3936 104.8512 270)
    (descr "Resistor SMD 0603 (1608 Metric), square (rectangular) end terminal, IPC_7351 nominal with elongated pad for handsoldering. (Body size source: IPC-SM-782 page 72, https://www.pcb-3d.com/wordpress/wp-content/uploads/ipc-sm-782a_amendment_1_and_2.pdf), generated with kicad-footprint-generator")
    (tags "resistor handsolder")
    (path /61A25C38/619E11CE)
    (attr smd)
    (fp_text reference R403 (at 2.4638 -1.43 90) (layer F.SilkS)
      (effects (font (size 1 1) (thickness 0.15)))
    )
    (fp_text value 11k (at 0 1.43 90) (layer F.Fab)
      (effects (font (size 1 1) (thickness 0.15)))
    )
    (fp_line (start 1.65 0.73) (end -1.65 0.73) (layer F.CrtYd) (width 0.05))
    (fp_line (start 1.65 -0.73) (end 1.65 0.73) (layer F.CrtYd) (width 0.05))
    (fp_line (start -1.65 -0.73) (end 1.65 -0.73) (layer F.CrtYd) (width 0.05))
    (fp_line (start -1.65 0.73) (end -1.65 -0.73) (layer F.CrtYd) (width 0.05))
    (fp_line (start -0.254724 0.5225) (end 0.254724 0.5225) (layer F.SilkS) (width 0.12))
    (fp_line (start -0.254724 -0.5225) (end 0.254724 -0.5225) (layer F.SilkS) (width 0.12))
    (fp_line (start 0.8 0.4125) (end -0.8 0.4125) (layer F.Fab) (width 0.1))
    (fp_line (start 0.8 -0.4125) (end 0.8 0.4125) (layer F.Fab) (width 0.1))
    (fp_line (start -0.8 -0.4125) (end 0.8 -0.4125) (layer F.Fab) (width 0.1))
    (fp_line (start -0.8 0.4125) (end -0.8 -0.4125) (layer F.Fab) (width 0.1))
    (fp_text user %R (at 0 0 90) (layer F.Fab)
      (effects (font (size 0.4 0.4) (thickness 0.06)))
    )
    (pad 2 smd rect (at 0.9125 0 270) (size 0.975 0.95) (layers F.Cu F.Paste F.Mask)
      (net 8 GND))
    (pad 1 smd rect (at -0.9125 0 270) (size 0.975 0.95) (layers F.Cu F.Paste F.Mask)
      (net 27 "Net-(R403-Pad1)"))
    (model ${KISYS3DMOD}/Resistor_SMD.3dshapes/R_0603_1608Metric.wrl
      (at (xyz 0 0 0))
      (scale (xyz 1 1 1))
      (rotate (xyz 0 0 0))
    )
  )

  (module "EE514 Board:R_0603_1608Metric_Pad0.98x0.95mm_HandSolder" (layer F.Cu) (tedit 619400D6) (tstamp 619DBE3F)
    (at 174.3456 100.0252)
    (descr "Resistor SMD 0603 (1608 Metric), square (rectangular) end terminal, IPC_7351 nominal with elongated pad for handsoldering. (Body size source: IPC-SM-782 page 72, https://www.pcb-3d.com/wordpress/wp-content/uploads/ipc-sm-782a_amendment_1_and_2.pdf), generated with kicad-footprint-generator")
    (tags "resistor handsolder")
    (path /61A25C38/619DE309)
    (attr smd)
    (fp_text reference R402 (at 0.1524 -1.43) (layer F.SilkS)
      (effects (font (size 1 1) (thickness 0.15)))
    )
    (fp_text value 470 (at 0 1.43) (layer F.Fab)
      (effects (font (size 1 1) (thickness 0.15)))
    )
    (fp_line (start 1.65 0.73) (end -1.65 0.73) (layer F.CrtYd) (width 0.05))
    (fp_line (start 1.65 -0.73) (end 1.65 0.73) (layer F.CrtYd) (width 0.05))
    (fp_line (start -1.65 -0.73) (end 1.65 -0.73) (layer F.CrtYd) (width 0.05))
    (fp_line (start -1.65 0.73) (end -1.65 -0.73) (layer F.CrtYd) (width 0.05))
    (fp_line (start -0.254724 0.5225) (end 0.254724 0.5225) (layer F.SilkS) (width 0.12))
    (fp_line (start -0.254724 -0.5225) (end 0.254724 -0.5225) (layer F.SilkS) (width 0.12))
    (fp_line (start 0.8 0.4125) (end -0.8 0.4125) (layer F.Fab) (width 0.1))
    (fp_line (start 0.8 -0.4125) (end 0.8 0.4125) (layer F.Fab) (width 0.1))
    (fp_line (start -0.8 -0.4125) (end 0.8 -0.4125) (layer F.Fab) (width 0.1))
    (fp_line (start -0.8 0.4125) (end -0.8 -0.4125) (layer F.Fab) (width 0.1))
    (fp_text user %R (at 0 0) (layer F.Fab)
      (effects (font (size 0.4 0.4) (thickness 0.06)))
    )
    (pad 2 smd rect (at 0.9125 0) (size 0.975 0.95) (layers F.Cu F.Paste F.Mask)
      (net 8 GND))
    (pad 1 smd rect (at -0.9125 0) (size 0.975 0.95) (layers F.Cu F.Paste F.Mask)
      (net 12 "Net-(C401-Pad2)"))
    (model ${KISYS3DMOD}/Resistor_SMD.3dshapes/R_0603_1608Metric.wrl
      (at (xyz 0 0 0))
      (scale (xyz 1 1 1))
      (rotate (xyz 0 0 0))
    )
  )

  (module "EE514 Board:R_0603_1608Metric_Pad0.98x0.95mm_HandSolder" (layer F.Cu) (tedit 619400D6) (tstamp 619DBE2E)
    (at 170.2816 100.0252)
    (descr "Resistor SMD 0603 (1608 Metric), square (rectangular) end terminal, IPC_7351 nominal with elongated pad for handsoldering. (Body size source: IPC-SM-782 page 72, https://www.pcb-3d.com/wordpress/wp-content/uploads/ipc-sm-782a_amendment_1_and_2.pdf), generated with kicad-footprint-generator")
    (tags "resistor handsolder")
    (path /61A25C38/619DCBBE)
    (attr smd)
